0
141
5
2 3 7 9 11 
5
2 3 7 9 10 
5
2 3 7 8 11 
5
2 3 7 8 10 
5
2 3 6 9 11 
5
2 3 6 9 10 
5
2 3 6 8 11 
5
2 3 6 8 10 
5
2 3 5 7 9 
5
2 3 5 7 8 
5
2 3 5 6 9 
5
2 3 5 6 8 
5
2 3 4 8 11 
5
2 3 4 8 10 
5
2 3 4 7 11 
5
2 3 4 7 10 
5
2 3 4 5 8 
5
2 3 4 5 7 
5
1 3 7 9 11 
5
1 3 7 9 10 
5
1 3 6 9 11 
5
1 3 6 9 10 
5
1 3 6 8 11 
5
1 3 6 8 10 
5
1 3 5 7 9 
5
1 3 5 6 9 
5
1 3 5 6 8 
5
1 3 4 8 11 
5
1 3 4 8 10 
5
1 3 4 7 11 
5
1 3 4 7 10 
5
1 3 4 5 8 
5
1 3 4 5 7 
5
1 2 7 9 11 
5
1 2 7 9 10 
5
1 2 7 8 11 
5
1 2 7 8 10 
5
1 2 6 9 11 
5
1 2 6 9 10 
5
1 2 6 8 11 
5
1 2 6 8 10 
5
1 2 5 7 9 
5
1 2 5 7 8 
5
1 2 5 6 9 
5
1 2 5 6 8 
5
1 2 4 8 11 
5
1 2 4 8 10 
5
1 2 4 7 11 
5
1 2 4 7 10 
5
1 2 4 5 8 
5
1 2 4 5 7 
5
0 5 7 9 11 
5
0 5 7 9 10 
5
0 5 7 8 11 
5
0 5 7 8 10 
5
0 5 6 9 11 
5
0 5 6 9 10 
5
0 5 6 8 11 
5
0 5 6 8 10 
5
0 5 5 7 9 
5
0 5 5 7 8 
5
0 5 5 6 9 
5
0 5 5 6 8 
5
0 4 8 9 11 
5
0 4 8 9 10 
5
0 4 7 9 11 
5
0 4 7 9 10 
5
0 4 7 8 11 
5
0 4 7 8 10 
5
0 4 6 9 11 
5
0 4 6 9 10 
5
0 4 6 8 11 
5
0 4 6 8 10 
5
0 4 6 7 11 
5
0 4 6 7 10 
5
0 4 5 8 11 
5
0 4 5 8 10 
5
0 4 5 8 9 
5
0 4 5 7 11 
5
0 4 5 7 10 
5
0 4 5 7 9 
5
0 4 5 7 8 
5
0 4 5 6 9 
5
0 4 5 6 8 
5
0 4 5 6 7 
5
0 4 5 5 8 
5
0 4 5 5 7 
5
0 4 4 8 11 
5
0 4 4 8 10 
5
0 4 4 7 11 
5
0 4 4 7 10 
5
0 4 4 5 8 
5
0 4 4 5 7 
5
0 3 7 9 11 
5
0 3 7 9 10 
5
0 3 6 9 11 
5
0 3 6 9 10 
5
0 3 6 8 11 
5
0 3 6 8 10 
5
0 3 5 7 9 
5
0 3 5 6 9 
5
0 3 5 6 8 
5
0 3 4 8 11 
5
0 3 4 8 10 
5
0 3 4 7 11 
5
0 3 4 7 10 
5
0 3 4 5 8 
5
0 3 4 5 7 
5
0 2 7 9 11 
5
0 2 7 9 10 
5
0 2 7 8 11 
5
0 2 7 8 10 
5
0 2 6 9 11 
5
0 2 6 9 10 
5
0 2 6 8 11 
5
0 2 6 8 10 
5
0 2 5 7 9 
5
0 2 5 7 8 
5
0 2 5 6 9 
5
0 2 5 6 8 
5
0 2 4 8 11 
5
0 2 4 8 10 
5
0 2 4 7 11 
5
0 2 4 7 10 
5
0 2 4 5 8 
5
0 2 4 5 7 
5
0 1 7 9 11 
5
0 1 7 9 10 
5
0 1 6 9 11 
5
0 1 6 9 10 
5
0 1 6 8 11 
5
0 1 6 8 10 
5
0 1 5 7 9 
5
0 1 5 6 9 
5
0 1 5 6 8 
5
0 1 4 8 11 
5
0 1 4 8 10 
5
0 1 4 7 11 
5
0 1 4 7 10 
5
0 1 4 5 8 
5
0 1 4 5 7 
