36
0 6
0 1
1 0
1 7
1 2
2 1
2 8
2 3
3 2
3 9
3 4
4 3
4 10
4 5
5 4
5 11
6 0
6 12
6 7
7 6
7 1
7 13
7 8
8 7
8 2
8 14
8 9
9 8
9 3
9 15
9 10
10 9
10 4
10 16
10 11
11 10
11 5
11 17
12 6
12 18
12 13
13 12
13 7
13 19
13 14
14 13
14 8
14 20
14 15
15 14
15 9
15 21
15 16
16 15
16 10
16 22
16 17
17 16
17 11
17 23
18 12
18 24
18 19
19 18
19 13
19 25
19 20
20 19
20 14
20 26
20 21
21 20
21 15
21 27
21 22
22 21
22 16
22 28
22 23
23 22
23 17
23 29
24 18
24 30
24 25
25 24
25 19
25 31
25 26
26 25
26 20
26 32
26 27
27 26
27 21
27 33
27 28
28 27
28 22
28 34
28 29
29 28
29 23
29 35
30 24
30 31
31 30
31 25
31 32
32 31
32 26
32 33
33 32
33 27
33 34
34 33
34 28
34 35
35 34
35 29
