50
0 1
2 3
2 4
3 4
2 1
3 1
4 1
5 6
5 7
5 8
5 9
6 7
6 8
6 9
7 8
7 9
8 9
5 4
6 4
7 4
8 4
9 4
10 4
11 12
11 13
11 14
12 13
12 14
13 14
11 0
12 0
13 0
14 0
15 16
15 14
16 14
17 11
18 19
18 20
18 21
19 20
19 21
20 21
18 12
19 12
20 12
21 12
22 10
23 24
23 12
24 12
25 26
25 27
26 27
25 22
26 22
27 22
28 10
29 0
30 31
30 32
31 32
30 15
31 15
32 15
33 24
34 35
34 36
34 37
34 38
35 36
35 37
35 38
36 37
36 38
37 38
34 12
35 12
36 12
37 12
38 12
39 20
40 41
40 38
41 38
42 43
42 44
42 45
42 46
43 44
43 45
43 46
44 45
44 46
45 46
42 6
43 6
44 6
45 6
46 6
47 48
47 49
48 49
47 13
48 13
49 13
