70
4 12
61 21
64 23
54 0
6 43
18 51
11 37
7 5
29 69
23 46
35 19
66 68
17 48
42 66
28 33
61 5
50 59
59 13
54 25
60 4
67 67
5 28
29 54
27 43
51 33
54 15
8 13
35 18
3 34
19 1
28 42
2 59
50 36
21 21
61 30
39 68
25 4
30 59
29 20
46 53
10 17
54 36
57 24
20 16
7 6
66 39
3 10
41 38
13 48
64 43
11 43
28 12
31 51
43 35
42 23
23 55
50 42
34 69
68 59
45 43
25 7
31 21
36 50
23 36
24 35
34 66
59 11
56 38
21 18
58 28
28 62
52 50
1 50
9 22
36 68
15 46
47 22
61 12
56 11
47 17
41 30
0 10
61 32
60 44
33 43
24 26
67 4
55 5
66 64
5 35
6 54
32 58
53 59
46 13
60 7
43 25
44 28
25 45
23 27
19 42
35 50
3 68
20 4
55 56
0 27
3 11
0 22
27 13
40 42
41 16
51 17
53 36
64 14
62 4
59 7
65 7
7 45
26 7
10 59
26 52
43 35
60 15
41 47
33 4
8 33
61 34
64 24
35 19
54 37
10 28
27 58
63 40
54 67
68 59
52 14
49 4
49 34
7 55
19 17
12 26
30 20
0 19
9 52
49 26
28 62
36 27
24 7
58 61
23 39
18 16
39 29
37 38
40 15
45 58
53 21
47 67
38 58
64 5
7 43
9 42
34 10
55 3
59 2
59 29
17 36
19 5
36 22
18 55
31 28
16 67
4 3
19 59
21 66
64 50
6 47
31 48
30 58
29 57
32 28
47 57
23 19
17 13
65 18
40 9
9 42
4 48
60 30
1 23
35 44
42 45
33 0
21 65
21 33
66 30
31 67
6 54
65 6
20 28
4 14
1 49
4 32
24 35
40 69
53 12
47 61
62 46
49 34
24 0
0 69
47 42
39 35
9 45
47 20
12 46
46 18
36 11
41 57
16 54
6 45
57 20
44 27
24 4
49 38
21 15
3 5
29 66
55 66
49 32
46 61
65 16
53 30
3 57
30 6
33 37
63 51
21 4
51 39
38 46
3 23
21 29
17 48
30 61
30 20
8 20
53 18
13 53
51 15
29 51
65 9
33 62
35 21
56 7
27 11
2 47
22 63
54 51
50 22
61 50
62 35
47 27
57 10
3 65
68 45
22 51
20 34
57 16
46 40
19 24
64 10
63 44
15 47
48 67
22 1
15 15
50 53
57 52
27 65
50 38
60 9
7 20
69 38
66 18
67 39
20 52
61 17
4 63
39 26
14 7
39 2
23 54
9 66
28 68
3 38
1 68
18 60
67 27
4 24
20 20
62 42
3 38
47 0
66 56
61 21
52 27
67 36
24 10
22 21
56 50
3 66
17 24
68 46
18 68
1 27
30 11
47 38
41 57
40 29
54 36
66 39
52 41
66 54
5 20
67 55
3 52
55 36
61 12
66 65
13 54
66 64
4 6
16 30
38 8
23 3
2 18
33 52
43 51
53 55
20 53
1 18
60 5
10 26
47 22
49 67
62 30
65 29
36 54
66 25
18 27
14 14
15 52
8 24
63 38
21 0
61 65
8 61
17 7
36 9
64 23
23 55
59 39
30 20
41 22
37 64
3 24
2 3
54 23
66 51
64 4
13 39
20 62
40 65
18 14
64 30
0 26
49 48
51 29
42 16
3 45
62 31
24 62
45 57
64 52
26 24
8 29
56 29
21 7
5 48
51 20
25 32
31 59
48 17
65 65
35 42
48 10
59 43
7 37
66 58
31 31
68 48
40 65
55 18
6 6
25 55
22 37
40 2
7 65
18 9
63 40
55 7
48 61
20 36
22 8
30 46
4 9
54 5
62 53
52 0
6 16
55 58
50 38
33 69
65 0
42 34
55 46
58 36
0 62
5 49
1 18
54 59
16 69
33 27
56 6
46 59
24 48
30 44
50 5
66 58
12 52
18 52
14 6
23 39
41 14
36 59
55 41
5 12
3 8
55 45
55 22
57 24
58 61
5 45
6 22
13 47
58 23
49 42
28 47
67 55
28 30
39 18
67 35
37 16
48 6
3 44
1 69
58 20
10 46
48 55
25 10
54 45
47 31
45 45
45 45
52 49
45 44
9 43
11 69
46 19
14 61
7 10
27 44
52 27
55 40
3 9
34 17
27 29
56 57
47 55
20 44
30 1
9 28
1 47
45 14
39 58
3 66
45 0
26 6
46 29
66 25
7 20
67 10
12 60
15 13
6 16
69 17
31 64
5 8
3 9
21 40
33 30
52 6
57 16
36 33
38 22
57 12
57 39
37 44
51 11
37 35
32 21
45 52
22 30
4 47
47 50
67 1
22 46
17 31
66 23
36 9
7 64
38 30
43 37
55 69
27 61
12 48
30 45
58 16
61 35
69 32
29 4
25 49
11 55
21 2
48 42
40 12
17 2
8 5
11 7
52 68
19 53
19 44
4 60
37 44
53 38
48 40
16 68
50 27
60 15
0 44
35 5
67 8
10 3
69 15
69 66
59 52
58 24
32 36
7 59
17 59
67 53
50 12
2 69
6 46
37 55
40 34
59 32
23 68
65 14
36 38
6 30
59 54
9 52
28 42
33 8
63 28
50 59
20 10
12 10
50 65
39 5
35 6
10 69
38 49
49 59
4 38
29 32
52 63
48 36
30 14
57 0
65 68
20 14
55 39
36 6
44 19
21 56
60 9
55 29
0 34
42 69
68 43
20 36
29 9
12 15
38 4
58 56
28 51
49 60
54 24
34 21
49 38
47 21
38 61
58 6
15 12
32 31
17 61
51 25
68 41
57 40
21 5
16 26
2 39
56 67
32 20
51 66
4 32
47 58
2 17
21 64
12 14
12 33
7 11
67 68
25 46
19 14
41 62
68 44
66 60
40 16
66 3
58 57
1 69
29 50
8 18
54 54
30 69
54 53
35 34
63 58
63 42
15 30
30 28
21 57
1 31
44 12
59 1
58 56
57 49
22 17
59 39
34 30
13 33
59 64
12 10
27 23
6 17
50 59
43 26
5 7
16 40
20 55
25 57
60 18
45 30
51 40
43 60
18 31
69 43
13 22
61 67
66 42
20 32
28 19
42 13
21 12
14 43
23 69
24 44
24 18
3 14
40 38
8 2
53 6
37 33
17 54
8 33
20 5
32 44
50 64
1 51
37 47
23 33
10 46
59 64
40 8
29 57
46 16
50 62
8 59
14 30
44 6
41 49
39 1
54 13
62 2
31 32
44 41
3 32
64 19
41 45
44 7
58 18
63 42
26 47
16 28
47 22
59 61
22 39
12 57
64 43
60 38
13 14
49 19
30 65
0 61
58 10
41 65
34 57
3 38
16 51
56 44
54 11
67 34
67 54
21 66
38 19
5 9
8 37
63 26
30 23
47 40
34 67
9 29
19 40
33 17
40 45
3 58
17 43
28 26
7 9
23 17
36 66
45 48
12 50
10 3
48 53
10 32
3 43
33 48
63 43
32 69
36 52
66 66
1 42
43 31
4 14
58 59
21 64
22 6
37 65
50 45
19 43
3 20
6 63
23 51
29 49
48 68
31 18
56 42
33 51
58 34
10 21
51 67
43 46
23 9
3 44
17 10
52 7
1 19
0 60
59 35
13 43
60 2
37 29
5 1
53 1
68 48
62 18
65 56
45 3
11 53
46 68
24 37
13 60
24 69
50 62
44 31
49 44
40 68
43 46
36 34
11 69
58 42
7 10
49 50
56 65
53 56
53 65
22 65
3 34
37 30
24 42
32 57
41 45
56 61
11 48
19 33
20 50
63 57
52 1
1 65
56 4
69 4
19 25
34 33
57 14
44 49
12 43
3 14
60 3
0 2
47 47
30 49
27 62
56 14
6 23
29 63
18 65
52 53
65 26
37 0
59 37
2 43
14 66
6 29
33 27
26 62
19 45
41 54
3 25
14 5
50 2
65 23
14 42
28 55
2 19
24 48
63 12
46 57
37 45
45 35
19 64
28 14
45 6
45 61
24 55
23 14
46 56
67 7
4 20
