0 7
0 1
1 0
1 8
1 2
2 1
2 9
2 3
3 2
3 10
3 4
4 3
4 11
4 5
5 4
5 12
5 6
6 5
6 13
7 0
7 14
7 8
8 7
8 1
8 15
8 9
9 8
9 2
9 16
9 10
10 9
10 3
10 17
10 11
11 10
11 4
11 18
11 12
12 11
12 5
12 19
12 13
13 12
13 6
13 20
14 7
14 21
14 15
15 14
15 8
15 22
15 16
16 15
16 9
16 23
16 17
17 16
17 10
17 24
17 18
18 17
18 11
18 25
18 19
19 18
19 12
19 26
19 20
20 19
20 13
20 27
21 14
21 28
21 22
22 21
22 15
22 29
22 23
23 22
23 16
23 30
23 24
24 23
24 17
24 31
24 25
25 24
25 18
25 32
25 26
26 25
26 19
26 33
26 27
27 26
27 20
27 34
28 21
28 35
28 29
29 28
29 22
29 36
29 30
30 29
30 23
30 37
30 31
31 30
31 24
31 38
31 32
32 31
32 25
32 39
32 33
33 32
33 26
33 40
33 34
34 33
34 27
34 41
35 28
35 42
35 36
36 35
36 29
36 43
36 37
37 36
37 30
37 44
37 38
38 37
38 31
38 45
38 39
39 38
39 32
39 46
39 40
40 39
40 33
40 47
40 41
41 40
41 34
41 48
42 35
42 43
43 42
43 36
43 44
44 43
44 37
44 45
45 44
45 38
45 46
46 45
46 39
46 47
47 46
47 40
47 48
48 47
48 41
