0 1
1 2
0 2
3 4
4 5
5 6
6 7
7 8
8 9
9 10
10 11
11 12
12 13
2 3
2 13
14 15
3 14
3 15
16 17
17 18
18 19
19 20
20 21
21 22
22 23
23 24
24 25
25 26
26 27
11 16
11 27
28 29
29 30
30 31
31 32
32 33
33 34
21 28
21 34
35 36
36 37
20 35
20 37
38 39
39 40
40 41
41 42
42 43
33 38
33 43
44 45
45 46
46 47
0 44
0 47
48 49
49 50
50 51
51 52
52 53
53 54
54 55
55 56
56 57
46 48
46 57
58 59
59 60
60 61
61 62
62 63
63 64
30 58
30 64
65 66
66 67
67 68
1 65
1 68
69 70
70 71
71 72
72 73
73 74
74 75
42 69
42 75
76 77
77 78
78 79
79 80
80 81
81 82
82 83
83 84
84 85
85 86
73 76
73 86
