49 36
1 8
16 18
39 45
29 9
12 14
49 26
31 42
12 13
45 29
21 21
30 31
5 6
3 30
38 42
43 0
33 0
39 4
49 18
24 14
43 36
6 3
27 40
6 41
44 38
31 25
8 48
11 35
35 31
42 30
18 33
28 9
49 40
9 16
42 45
11 32
14 39
18 42
23 12
16 27
5 18
23 4
40 35
3 2
25 9
5 39
37 6
39 23
27 27
28 24
37 28
46 33
41 6
43 41
12 28
25 47
34 26
4 41
12 37
23 37
27 6
45 29
42 17
29 0
14 12
6 8
29 38
28 18
32 33
43 37
41 46
1 19
13 8
31 48
24 15
38 32
4 2
12 34
10 8
10 9
38 16
44 19
18 18
15 49
36 21
34 47
28 0
49 26
41 21
46 27
9 14
32 6
49 17
31 26
1 30
16 43
21 16
21 39
12 39
24 10
10 40
47 34
13 6
29 48
37 48
4 27
32 2
29 15
37 43
49 40
46 48
10 18
42 27
43 39
47 26
43 40
41 2
48 32
45 43
49 49
26 44
27 44
37 47
31 25
43 8
28 44
13 29
36 40
32 18
31 9
5 0
9 12
48 3
32 19
37 22
22 15
33 29
36 8
19 30
22 14
8 31
48 27
18 1
3 45
35 39
47 4
6 4
16 13
30 28
0 7
46 35
27 7
21 46
40 25
0 15
18 29
7 20
31 26
48 47
45 26
17 17
8 43
6 42
48 8
45 28
14 47
17 30
46 39
35 3
25 30
23 38
29 37
14 31
19 6
4 34
27 5
42 14
23 18
37 22
15 9
22 14
48 7
19 20
49 46
13 46
5 36
32 12
8 3
46 30
6 19
14 43
9 12
38 3
29 23
30 48
17 40
38 49
22 34
42 35
40 18
23 34
7 48
43 35
38 16
40 49
7 43
16 27
29 40
14 1
19 27
9 35
30 8
17 7
38 37
42 34
21 46
40 47
21 35
4 34
35 38
6 33
22 33
29 28
0 3
35 34
13 10
41 34
43 25
41 48
11 42
23 46
18 24
39 38
46 33
46 36
32 31
30 10
40 22
42 46
7 24
17 37
45 6
43 15
14 2
7 8
7 36
5 42
9 37
25 39
16 2
6 16
28 34
8 23
45 45
19 3
46 39
29 16
9 1
3 17
29 8
4 44
28 38
29 37
11 39
6 7
48 48
16 8
20 30
19 29
45 28
49 48
36 14
30 47
30 6
27 26
47 0
33 24
46 12
5 31
3 38
10 19
3 35
24 27
35 38
18 24
3 49
20 24
27 9
11 37
30 37
14 24
20 24
0 6
39 37
14 1
48 21
26 37
3 23
41 20
44 15
14 35
8 27
37 0
44 38
5 19
7 33
25 27
17 13
4 14
10 13
11 33
12 1
0 22
17 25
38 43
44 29
46 28
5 41
27 16
5 12
29 42
8 13
26 28
5 39
12 48
22 6
18 12
45 22
13 0
8 6
41 17
37 6
28 23
29 30
29 23
12 38
34 24
49 5
14 45
16 44
17 11
11 17
25 32
21 19
43 18
11 10
29 11
34 15
40 49
43 19
9 5
10 25
34 20
12 13
25 37
34 38
29 42
5 6
5 41
14 24
22 10
8 49
32 3
32 21
16 31
29 48
21 41
37 31
3 19
2 16
44 17
36 10
17 36
4 0
23 8
45 6
37 8
36 14
23 19
24 11
9 36
45 8
17 3
21 31
5 40
45 19
43 45
36 13
16 32
33 46
6 32
2 12
18 3
11 1
19 39
17 2
9 8
48 32
30 8
11 16
13 14
5 24
15 28
4 33
1 19
34 17
37 24
43 32
49 26
39 25
35 41
38 22
18 16
29 6
48 1
4 36
49 8
21 3
48 3
23 23
36 12
11 3
41 11
49 46
49 12
35 2
22 10
13 49
6 24
36 31
37 28
23 5
19 18
1 0
19 27
41 42
47 28
21 33
9 15
27 28
7 27
15 22
8 8
44 44
20 36
14 43
18 34
13 6
48 23
33 41
