23
13 22
17 3
12 3
5 0
15 5
14 22
7 14
20 5
1 14
17 9
22 2
19 16
22 20
20 0
10 21
10 7
14 17
13 4
18 6
10 20
5 6
9 20
18 12
1 12
11 5
11 22
12 20
6 22
17 1
5 20
11 18
14 7
1 1
13 15
0 11
8 9
17 22
7 14
16 21
2 19
21 15
5 18
12 18
3 1
14 9
18 4
5 4
22 20
8 16
6 6
17 15
10 10
11 12
20 4
7 11
3 22
5 0
17 9
11 5
19 0
4 12
21 7
20 20
1 0
19 14
6 15
21 7
6 8
13 14
17 3
10 11
3 10
1 12
9 22
14 11
22 17
13 9
18 17
0 4
5 7
7 22
4 21
22 15
18 22
19 0
5 15
22 6
14 14
22 18
19 12
0 8
15 16
22 5
20 3
5 1
20 22
15 5
13 8
14 15
4 9
10 6
18 1
3 1
4 12
0 12
7 14
11 21
22 9
13 7
17 7
4 15
9 6
12 15
2 6
8 1
15 19
17 8
2 20
2 17
6 7
17 20
18 21
13 20
17 2
13 6
21 18
8 18
7 15
3 18
8 14
8 19
16 6
4 6
10 1
7 6
8 22
16 20
12 11
4 7
14 4
12 13
4 20
22 17
19 7
10 3
11 0
5 1
7 8
13 18
10 12
20 3
19 20
6 2
20 19
16 6
21 7
4 11
22 4
18 15
7 6
8 1
20 3
12 14
7 22
12 3
22 15
9 12
0 17
7 0
17 21
