30
5 12
24 20
24 0
3 20
18 21
0 3
27 21
25 12
2 0
29 17
17 4
17 7
23 17
19 10
8 15
11 9
0 9
11 16
23 20
2 15
3 22
4 7
27 9
7 7
1 9
4 21
18 27
4 12
11 4
6 7
1 12
12 3
29 26
9 20
6 15
5 11
11 4
25 8
22 27
29 2
11 27
27 9
24 26
2 8
21 5
23 20
7 29
13 7
3 25
23 12
0 29
24 24
9 18
22 27
15 1
13 11
14 26
0 2
7 10
5 15
9 2
19 0
29 21
16 26
27 10
17 14
22 22
16 3
8 23
14 5
3 3
23 0
16 17
7 18
23 1
20 12
9 20
16 26
21 20
28 20
19 19
0 6
25 19
25 4
9 4
26 26
23 12
15 1
16 26
2 4
23 4
6 11
26 9
20 14
24 27
27 5
5 13
5 10
20 20
17 24
13 23
29 8
9 23
6 20
18 6
26 7
12 27
11 4
18 10
26 24
25 10
24 28
6 20
5 14
25 17
13 22
24 27
22 12
7 9
7 4
19 6
19 4
1 17
9 5
23 21
19 23
11 18
25 20
22 29
0 5
9 15
23 15
11 16
7 3
21 18
24 6
5 7
27 12
20 29
6 8
4 3
26 8
3 19
17 21
3 15
18 16
18 7
23 2
28 1
22 10
19 29
2 24
15 9
6 12
0 19
21 29
11 16
5 23
16 26
22 11
16 14
13 6
6 10
20 18
3 24
13 9
25 10
24 23
21 23
6 12
25 2
24 27
13 13
1 23
10 4
8 1
10 4
18 8
2 25
28 15
28 10
5 17
17 4
18 29
9 10
28 25
9 10
3 11
0 25
27 2
29 23
28 19
24 3
18 15
2 11
14 17
14 2
27 28
14 14
29 20
11 20
28 15
15 15
11 24
26 23
2 22
4 15
5 0
10 19
0 4
29 11
9 12
29 14
0 28
17 13
29 21
10 19
16 26
6 13
25 15
15 11
19 7
24 7
9 10
24 27
14 23
27 8
19 8
17 27
20 9
0 19
21 12
23 19
23 18
3 27
4 2
14 26
28 29
3 8
6 8
8 28
25 4
6 24
2 25
6 17
13 6
13 27
23 10
26 8
26 3
