60
16 46
7 46
46 48
54 45
13 47
47 22
0 18
3 48
23 41
6 35
24 25
22 47
47 12
59 33
20 21
13 49
28 16
51 16
45 40
40 8
10 14
23 50
56 42
3 41
13 15
10 2
39 28
53 53
58 35
55 23
54 29
1 31
17 52
50 34
33 53
39 25
48 40
23 56
55 37
39 4
58 8
21 40
2 14
41 42
21 49
27 21
51 27
4 28
10 26
23 33
34 32
41 7
22 24
9 49
2 55
15 13
41 29
2 34
34 35
4 15
59 52
43 0
40 39
25 52
8 12
13 53
59 53
25 39
26 9
21 28
5 19
3 42
7 52
45 55
31 51
18 5
16 35
58 26
58 9
22 28
2 36
29 2
49 46
46 6
22 58
16 25
10 36
56 39
40 17
31 28
26 16
23 51
44 58
18 13
42 31
31 28
12 12
56 55
15 23
21 3
37 45
27 50
14 25
25 13
36 41
6 10
29 11
2 1
49 12
34 54
19 11
45 37
16 45
59 20
43 20
9 2
27 3
12 29
38 53
37 22
46 33
39 33
6 32
50 34
42 14
59 23
33 26
56 5
32 31
43 50
2 49
46 16
49 51
31 1
12 19
20 15
45 5
47 51
0 52
21 56
13 3
48 36
34 28
14 25
47 42
22 18
31 52
42 50
14 50
43 13
40 46
5 39
35 57
38 47
57 54
38 39
57 11
17 52
0 41
5 56
19 17
4 50
11 41
46 12
18 3
26 15
26 50
39 18
12 1
36 4
37 33
44 10
24 5
31 25
16 13
51 0
3 15
45 44
1 35
57 20
8 56
32 45
1 3
37 33
54 21
11 36
57 59
19 42
48 42
22 27
58 55
41 0
55 0
7 53
8 13
41 57
21 31
54 15
11 29
7 21
55 30
25 54
22 20
24 44
48 18
14 46
9 24
51 17
36 59
24 22
4 58
55 42
18 38
26 8
45 2
47 19
6 19
12 3
48 52
47 52
34 41
53 19
42 11
46 22
32 37
34 5
47 17
32 30
48 44
15 19
22 39
7 21
59 53
3 40
21 15
27 21
19 40
11 34
55 56
51 9
12 6
58 42
15 17
23 31
12 37
57 52
8 7
10 31
30 22
0 40
32 17
39 23
30 23
7 38
3 36
33 16
28 34
17 47
57 29
1 10
20 6
45 33
40 0
50 46
23 17
23 18
14 12
54 36
54 21
25 22
17 32
39 55
18 45
4 51
49 33
36 40
34 19
3 33
52 42
7 58
19 20
50 31
10 48
8 10
29 30
45 22
43 18
14 10
31 43
15 15
17 34
5 21
5 53
5 34
17 4
24 59
38 3
11 7
47 25
54 20
54 43
42 36
46 22
42 25
26 59
6 7
4 33
12 37
53 13
18 46
28 30
57 1
46 26
48 18
43 40
7 21
1 52
18 10
0 0
20 34
21 46
8 21
41 13
13 12
55 25
31 48
4 14
1 18
16 16
1 28
35 11
4 15
53 10
2 49
16 13
1 44
55 3
37 46
48 23
57 14
24 38
58 38
47 43
6 42
58 13
33 13
17 26
18 23
35 16
14 51
36 33
54 47
7 56
33 23
52 10
18 50
24 38
5 52
41 39
4 10
8 0
6 23
35 17
1 19
37 6
1 44
15 22
27 18
52 58
7 19
39 29
11 8
43 18
6 8
2 42
36 1
49 39
26 42
21 3
42 29
56 36
8 0
0 38
55 6
23 46
18 49
48 7
19 40
36 45
33 26
1 12
58 54
29 29
29 51
27 37
27 55
50 35
30 7
2 30
9 53
50 26
14 42
42 27
31 57
41 37
13 20
30 3
37 31
19 56
0 0
35 21
11 0
1 5
17 16
3 29
50 11
9 6
34 41
7 57
4 12
25 56
51 39
16 21
21 52
51 3
39 35
17 31
37 42
46 58
4 27
15 10
4 44
4 15
21 18
57 3
21 0
25 0
31 8
41 9
35 54
48 36
36 54
39 31
8 12
9 45
54 13
11 0
34 31
0 59
13 10
7 17
12 22
10 17
8 16
39 24
43 57
51 51
56 58
1 15
37 38
57 21
23 1
56 41
32 26
38 46
51 19
16 20
19 43
22 51
11 6
49 11
1 36
53 46
7 26
22 31
31 41
21 36
48 47
0 5
9 33
55 12
31 21
31 52
46 31
55 52
5 59
22 6
1 15
52 45
8 23
28 30
47 4
42 56
34 40
37 13
21 53
27 25
12 59
18 36
41 45
4 6
2 38
1 23
31 1
57 58
27 55
25 29
43 6
58 18
23 22
40 3
37 2
4 14
43 59
55 16
55 51
24 37
46 17
29 10
28 3
29 47
46 33
17 57
8 22
52 2
0 35
40 49
13 43
5 15
38 6
37 48
54 7
50 54
3 57
32 18
3 27
8 56
28 33
15 47
55 41
57 7
28 35
10 31
40 17
44 34
22 1
25 21
34 14
24 26
41 41
31 16
11 14
40 35
45 36
52 1
44 53
28 48
20 4
51 38
31 18
21 53
3 55
55 24
5 54
0 0
47 49
38 12
54 50
17 59
8 17
10 11
53 54
4 43
26 1
18 19
55 5
47 34
54 14
53 11
5 36
18 12
16 36
39 56
33 19
14 5
35 37
18 31
26 1
43 37
0 6
30 18
9 17
11 56
42 29
8 44
53 57
50 44
53 23
24 55
55 31
44 25
23 32
9 9
54 21
31 4
21 11
6 4
20 13
30 1
51 34
29 25
14 40
39 1
0 4
43 17
6 20
49 11
33 56
22 53
7 42
1 19
49 43
28 53
37 39
43 3
21 6
52 40
52 7
36 41
13 55
1 34
39 49
34 8
13 30
21 26
47 26
51 7
58 31
0 26
24 31
21 48
13 39
43 25
44 2
29 3
49 45
53 35
55 2
59 3
23 47
33 21
51 50
3 34
48 45
2 14
11 32
53 51
7 34
55 37
19 57
16 41
7 19
4 42
46 52
22 27
36 57
5 8
55 36
13 25
20 12
3 33
8 49
26 16
59 52
21 14
21 12
6 7
57 23
14 26
8 48
22 9
10 18
3 59
27 49
1 57
55 16
5 54
58 5
19 23
55 13
57 54
42 4
35 15
43 3
5 9
10 40
7 27
41 8
30 0
10 15
25 37
28 50
28 15
13 51
21 13
19 36
34 27
25 56
20 29
29 59
40 32
28 3
21 28
22 40
51 3
3 49
34 27
49 5
8 41
44 38
26 0
19 42
9 44
41 15
10 7
37 10
10 52
35 57
13 18
54 46
38 10
1 17
42 6
51 47
50 24
10 40
33 31
55 33
8 17
0 44
14 31
6 47
42 27
28 12
15 13
47 33
13 42
23 36
23 52
15 6
50 45
50 46
47 38
12 1
46 33
21 50
53 19
46 49
51 9
37 20
53 30
16 30
44 37
2 1
38 15
14 36
1 51
17 18
51 9
42 16
7 52
37 28
31 1
52 51
10 44
10 36
33 6
28 33
15 32
53 17
