0 10
6 1
19 10
13 15
15 10
6 20
22 10
23 9
4 4
4 24
5 20
11 12
19 21
21 2
5 22
18 17
20 8
10 3
5 8
24 23
12 6
23 8
22 23
13 16
0 20
14 7
7 9
13 3
0 0
16 5
21 23
1 22
19 19
13 2
8 5
13 19
3 14
19 10
4 8
16 17
7 5
17 7
24 3
1 10
14 13
9 21
16 0
4 8
20 21
7 22
2 15
10 24
3 23
2 17
12 8
3 13
13 6
24 0
7 14
11 17
1 4
5 22
11 14
3 19
11 5
19 21
22 18
11 20
13 9
8 19
21 21
19 21
7 24
21 18
2 15
23 16
13 16
17 18
0 23
16 24
23 23
4 21
3 15
6 23
20 14
7 21
8 0
15 12
8 12
3 16
4 11
5 6
23 14
5 8
16 23
4 20
7 18
19 7
17 2
22 4
15 12
11 17
12 5
17 16
21 9
18 18
18 20
20 23
6 18
9 13
8 16
21 12
0 8
15 19
15 7
11 5
6 5
3 21
8 9
5 5
8 19
2 22
7 13
22 16
19 12
4 6
17 6
15 9
21 10
4 0
9 15
23 7
24 7
2 5
8 23
8 13
24 6
6 10
1 15
8 12
21 0
7 18
8 15
14 20
22 6
1 15
8 20
15 17
5 4
9 15
1 9
5 23
7 24
14 17
20 10
1 19
15 16
15 14
10 20
18 11
0 4
4 11
23 7
14 22
5 4
22 0
23 6
23 14
2 14
1 8
19 14
22 3
24 16
18 6
16 7
10 16
0 23
17 3
23 8
14 20
7 5
11 13
21 16
7 16
3 9
2 16
0 15
17 6
19 5
18 17
3 3
22 2
21 17
10 11
5 1
9 11
7 12
6 5
19 0
6 21
19 24
4 0
23 22
9 12
11 16
12 6
20 1
19 14
8 17
15 17
5 0
2 7
19 4
10 23
23 15
10 20
16 19
2 18
0 22
12 23
1 18
11 9
17 18
24 22
9 0
2 15
0 13
16 1
9 7
4 22
18 11
0 15
1 13
8 2
12 3
9 8
12 1
17 5
2 21
20 12
10 11
20 6
22 24
15 2
18 22
18 19
10 7
1 0
10 8
11 21
16 11
12 13
3 4
17 17
5 11
9 13
13 11
11 2
22 15
15 9
22 19
1 9
16 10
4 24
2 16
4 11
14 12
5 16
15 3
20 24
6 20
4 1
19 0
21 20
23 5
7 11
22 16
19 5
21 8
23 14
14 8
1 9
14 6
13 3
15 9
6 8
17 24
3 22
17 8
2 1
2 9
15 5
16 22
16 21
13 8
0 12
15 17
24 4
20 6
5 1
6 23
23 19
3 1
13 19
11 22
6 7
9 21
13 16
9 14
8 17
1 14
11 20
5 12
0 11
8 15
13 9
15 12
4 12
5 14
17 8
14 4
24 11
3 21
8 19
22 5
5 3
13 16
18 21
18 3
5 13
9 19
8 24
24 4
16 0
20 12
24 2
15 7
16 3
8 5
18 16
17 3
20 5
24 11
15 1
8 23
14 14
21 19
19 7
13 8
2 14
9 19
21 7
19 18
4 14
13 1
22 20
22 8
2 12
18 1
13 20
9 9
16 11
24 21
19 11
10 15
3 24
3 14
15 3
12 19
1 8
3 24
6 8
3 18
15 12
0 5
1 18
13 1
5 11
20 12
5 18
17 17
8 19
18 19
0 3
16 3
17 20
12 3
10 11
0 20
17 0
24 23
20 17
7 20
18 7
23 5
21 10
10 2
21 2
13 18
16 15
14 0
0 4
13 10
7 9
16 3
2 15
0 4
7 22
6 18
23 8
6 1
12 20
15 11
23 24
1 21
11 14
24 24
21 13
15 17
22 2
3 12
11 8
21 1
10 4
10 16
21 13
8 9
17 14
16 19
19 4
18 5
11 7
15 2
17 22
2 3
11 20
19 13
21 5
3 6
11 1
2 15
9 15
3 20
15 15
19 16
23 19
22 4
15 21
15 21
0 10
24 2
3 10
3 10
24 5
17 12
10 10
21 4
20 15
5 12
1 11
9 5
19 23
10 5
9 11
8 4
16 4
14 2
8 24
8 2
10 15
11 24
24 12
22 19
19 23
3 6
16 2
15 17
16 4
3 14
2 16
18 9
4 15
1 1
0 1
2 12
12 6
1 7
2 11
20 0
2 14
17 11
1 10
13 14
19 6
9 24
20 22
18 6
0 4
21 24
14 17
10 13
22 8
23 24
19 15
24 1
5 1
3 16
6 24
15 11
3 14
18 20
24 13
12 14
12 23
3 20
7 19
23 22
18 3
0 0
20 13
18 8
16 4
16 2
20 6
8 16
16 0
4 16
14 24
7 2
24 19
3 1
19 1
22 11
19 0
19 6
22 16
4 10
17 19
18 19
4 11
17 12
2 23
9 11
19 14
4 16
1 12
7 0
10 7
13 22
6 4
8 9
14 13
9 16
9 24
20 13
11 21
1 5
2 7
22 3
22 21
0 11
24 3
24 12
21 18
1 22
15 16
22 10
6 2
1 18
17 23
2 8
4 5
0 19
9 24
18 11
1 23
21 2
9 22
7 1
12 7
1 7
1 19
1 0
8 19
15 0
11 9
7 2
18 13
2 23
0 0
7 9
22 13
23 20
5 23
19 22
12 20
13 2
3 20
0 21
22 7
12 3
6 15
8 12
22 23
1 13
19 24
22 7
6 11
13 9
13 23
6 12
0 20
13 7
10 15
5 19
20 19
1 3
2 19
2 18
14 17
20 13
20 0
22 6
14 13
19 6
11 20
23 2
23 20
17 22
9 1
8 9
6 11
21 22
4 3
12 4
17 0
0 23
16 4
24 4
11 12
19 9
5 14
10 8
12 14
5 23
10 0
6 22
5 0
13 19
3 18
13 10
11 7
2 18
21 6
15 24
15 23
14 16
13 18
4 10
17 0
13 0
3 15
13 13
11 8
0 3
5 19
20 5
0 14
23 6
2 5
5 2
4 18
8 1
4 6
18 5
24 14
18 18
23 15
16 3
22 22
23 1
7 8
1 17
15 9
0 10
14 4
10 1
7 24
13 11
5 18
15 17
11 4
16 14
23 18
17 12
21 1
3 6
12 2
9 8
1 10
20 9
5 5
23 23
21 6
3 12
14 6
23 5
18 15
6 0
2 15
9 12
1 18
1 5
18 17
1 21
8 12
5 22
16 6
1 19
6 13
4 18
15 19
4 17
1 5
3 1
1 22
19 5
8 7
9 23
23 6
8 12
8 8
7 20
24 10
11 5
6 8
10 12
22 12
5 3
20 0
20 22
9 12
9 2
4 0
7 9
4 18
2 17
4 18
8 3
5 21
19 19
18 2
10 20
24 20
4 12
11 17
13 20
18 4
20 21
1 6
1 13
18 20
17 20
7 8
8 9
2 22
2 0
22 22
9 22
23 2
20 23
23 18
16 13
2 13
9 19
24 4
13 15
16 19
3 11
2 7
24 20
15 23
8 8
7 6
22 18
1 4
3 22
23 2
11 18
23 22
2 24
18 11
24 9
6 9
0 6
18 23
10 17
18 19
13 9
13 7
13 22
4 15
1 1
20 8
13 4
2 2
5 10
1 7
13 2
1 5
18 10
5 20
20 22
8 22
15 6
4 11
23 22
2 6
19 6
23 20
2 21
20 16
3 14
21 8
2 3
9 13
6 20
3 18
6 18
15 10
4 19
23 15
13 19
24 2
2 21
16 6
13 10
22 16
0 24
9 1
14 11
23 14
15 23
13 18
0 4
2 0
15 6
23 24
20 3
21 14
2 8
24 21
23 19
16 3
9 8
21 11
19 21
21 14
11 11
15 10
10 5
21 16
1 8
8 16
5 3
20 20
24 14
2 12
24 16
5 23
22 3
3 23
17 11
9 1
12 23
2 20
14 8
2 17
7 1
13 1
7 20
10 0
9 9
13 9
4 15
23 1
0 24
21 9
7 22
6 21
19 11
12 24
7 6
4 22
7 3
16 8
20 13
8 3
23 22
19 17
18 15
3 7
5 7
16 23
15 1
14 20
0 0
2 15
10 4
24 12
12 23
2 2
3 19
18 0
11 15
2 20
22 15
0 23
23 7
24 20
15 18
18 0
17 20
17 20
17 19
4 0
8 13
10 8
4 4
4 2
7 13
14 15
1 8
22 5
19 6
10 20
2 16
24 23
23 15
19 24
1 9
11 13
2 2
24 16
0 9
22 24
18 1
4 4
11 12
13 6
13 19
12 17
5 15
4 9
0 8
8 16
12 14
12 24
16 9
16 22
0 8
20 5
17 23
15 1
19 7
8 18
24 13
18 0
12 21
0 17
20 3
13 9
8 16
10 17
10 2
11 13
14 2
4 16
9 21
3 2
19 2
8 0
18 24
10 21
19 17
19 8
10 21
20 2
6 7
8 14
14 13
1 15
8 14
11 13
14 21
13 10
22 24
19 8
3 15
20 10
