20
0 5
17 14
11 2
6 7
9 18
15 17
12 8
19 7
8 1
4 7
18 0
13 7
9 15
5 15
4 10
12 4
19 12
17 0
9 16
4 16
0 11
4 4
12 19
2 16
15 9
13 16
10 4
9 15
1 3
12 19
18 8
15 4
11 2
16 3
10 10
2 15
11 6
8 16
2 18
15 6
9 8
13 9
14 4
1 11
5 13
6 15
0 15
3 18
13 0
2 8
8 19
4 16
9 11
8 8
16 2
6 3
17 18
16 13
0 11
15 5
0 6
17 8
12 16
4 7
14 4
6 5
16 8
8 2
7 0
5 14
16 2
19 9
13 2
10 16
13 15
4 11
14 19
12 14
11 7
15 7
16 13
19 13
14 4
16 6
18 1
4 5
14 15
0 7
15 3
13 17
7 8
15 17
12 14
2 1
17 3
9 18
16 16
15 10
16 18
15 17
7 12
4 12
2 0
5 10
5 16
1 14
11 7
16 6
5 16
10 3
16 19
0 18
0 14
12 11
16 19
11 0
9 17
19 16
4 16
18 3
15 0
19 13
3 6
5 15
14 9
3 14
13 19
11 7
16 13
9 14
