24 1
11 10
13 37
30 29
1 16
39 24
2 4
9 29
31 16
35 4
23 16
28 3
3 24
27 38
1 5
29 34
14 26
16 37
29 3
28 31
33 19
32 5
27 15
5 2
9 30
39 20
32 21
28 34
37 4
12 38
33 5
9 4
16 16
7 15
0 34
11 33
34 13
37 36
4 3
21 25
34 30
15 32
8 15
4 32
24 31
37 14
36 28
17 30
7 23
12 30
1 16
22 14
13 7
28 25
1 13
13 34
38 19
25 24
16 38
39 28
25 34
14 35
30 13
23 23
11 32
20 7
7 29
11 22
37 21
13 17
32 35
38 23
11 1
7 37
29 12
18 36
16 34
25 20
22 6
8 2
25 29
31 28
35 27
35 18
5 24
38 39
23 0
11 24
0 18
9 39
16 24
7 27
21 9
0 25
10 34
29 17
13 14
19 11
14 15
8 14
26 8
0 38
37 8
24 38
6 27
28 0
5 0
23 1
2 4
37 24
11 6
6 35
6 29
34 13
12 34
23 29
33 25
14 13
34 1
25 37
23 27
16 0
11 11
9 3
11 2
20 20
2 27
18 9
37 35
10 33
31 35
6 23
26 27
25 31
35 18
12 23
5 31
36 12
12 36
33 8
36 11
2 5
36 29
39 30
29 31
21 30
18 4
31 13
27 3
31 23
33 29
37 17
16 9
38 4
13 1
5 14
10 4
24 21
32 2
0 18
28 4
28 10
27 22
22 31
14 31
27 12
1 25
34 16
24 11
5 29
16 5
8 25
35 35
5 9
39 4
33 21
10 27
22 20
4 31
25 20
25 35
34 13
14 15
14 36
0 30
31 38
13 36
31 8
22 30
5 1
19 16
35 9
39 6
17 1
37 34
8 33
28 17
28 10
6 22
30 11
6 8
10 35
13 7
32 24
17 34
18 3
9 20
2 28
32 33
24 23
38 10
6 38
4 3
21 8
7 35
22 11
13 4
23 33
6 25
28 32
5 23
37 30
17 33
29 1
9 35
30 22
25 7
0 0
22 8
31 37
1 39
4 18
23 8
0 15
19 29
34 9
10 1
2 27
22 2
2 30
13 2
17 1
17 28
25 5
10 32
11 10
29 22
7 3
23 15
14 25
5 2
13 22
38 11
31 22
28 22
9 30
23 18
37 0
30 24
11 26
1 15
10 16
15 21
11 14
7 5
28 22
3 8
11 12
23 7
24 32
5 15
39 35
24 11
0 0
16 1
24 6
8 21
3 14
35 13
13 8
23 1
6 10
17 22
12 20
26 32
9 22
4 24
4 14
27 26
22 1
21 2
34 39
6 23
10 9
34 27
23 3
22 10
14 16
23 37
18 6
10 15
35 36
6 36
39 16
10 17
15 33
37 31
9 13
25 17
31 10
23 3
19 2
39 26
19 36
30 22
34 25
13 35
7 10
18 21
12 38
29 16
2 17
6 4
37 2
25 2
38 11
23 28
22 22
12 31
24 15
15 13
7 23
19 5
7 2
15 37
9 36
27 35
5 22
39 26
20 32
0 9
3 7
38 30
23 13
10 19
16 28
30 27
17 22
38 37
39 22
